Jaw_R11_50Hz,Jaw_R12_50Hz,Jaw_R13_50Hz,Jaw_01_50Hz,Jaw_R21_50Hz,Jaw_R22_50Hz,Jaw_R23_50Hz,Jaw_02_50Hz,Jaw_R31_50Hz,Jaw_R32_50Hz,Jaw_R33_50Hz,Jaw_03_50Hz,Jaw_TX_50Hz,Jaw_TY_50Hz,Jaw_TZ_50Hz,Jaw_1_50Hz,Skull_R11_50Hz,Skull_R12_50Hz,Skull_R13_50Hz,Skull_01_50Hz,Skull_R21_50Hz,Skull_R22_50Hz,Skull_R23_50Hz,Skull_02_50Hz,Skull_R31_50Hz,Skull_R32_50Hz,Skull_R33_50Hz,Skull_03_50Hz,Skull_TX_50Hz,Skull_TY_50Hz,Skull_TZ_50Hz,Skull_1_50Hz
0.943453138716,-0.236935119873,-0.231857551132,0,-0.263430020358,-0.960427395155,-0.0904645953341,0,-0.201248104141,0.146427345826,-0.96853406392,0,12.6957404037,12.4862673319,5.58504382747,1,0.929022580253,-0.246700793188,-0.275782095176,0,-0.274697740245,-0.959169322926,-0.0673450923357,0,-0.247907637808,0.138321829794,-0.95885810969,0,12.1095812544,12.3811857904,5.50820420296,1
0.942870839924,-0.239599863406,-0.231487547564,0,-0.266286576823,-0.959547170928,-0.0914367856341,0,-0.200214980022,0.147855105489,-0.968531274434,0,12.6923451808,12.5061935479,5.56721874603,1,0.927972909303,-0.249515774248,-0.276781787697,0,-0.277378191838,-0.958498285833,-0.0658966975526,0,-0.248852603547,0.137923581946,-0.958670677162,0,12.1008773415,12.3530001755,5.5039856095,1
0.941983406161,-0.243059025767,-0.231494217012,0,-0.269963345381,-0.95844692393,-0.0921915731496,0,-0.199466926249,0.149337885356,-0.968458125749,0,12.6922618903,12.5239087385,5.54872519343,1,0.92700731171,-0.251830669554,-0.27791861742,0,-0.27941488688,-0.958042747263,-0.063885956252,0,-0.25016947261,0.136877347609,-0.95847786969,0,12.0855849982,12.3241334329,5.49691568727,1
0.940865093606,-0.246745385186,-0.232141315845,0,-0.27399060002,-0.957221435436,-0.0930391027614,0,-0.199253674329,0.151141782546,-0.968222151593,0,12.6934467884,12.5425383218,5.53074819557,1,0.926231101096,-0.253203233098,-0.279256280344,0,-0.280351891416,-0.957938139704,-0.0612971245581,0,-0.251989611576,0.135065329558,-0.958258103232,0,12.0613571088,12.2951172783,5.48620397848,1
0.939830208491,-0.2494085516,-0.233483518896,0,-0.277285889533,-0.956095243198,-0.0948389234443,0,-0.19957884325,0.153874170422,-0.96772466384,0,12.6912958164,12.5703854221,5.51590548932,1,0.925639694098,-0.253770922437,-0.280698193145,0,-0.280436497695,-0.958081956753,-0.0586031987616,0,-0.254060086337,0.13296346517,-0.958005318075,0,12.0319941837,12.2663941512,5.47353705893,1
0.93901552797,-0.250775752725,-0.235289948948,0,-0.279715953941,-0.955023234811,-0.0984357967477,0,-0.200022057138,0.158247094177,-0.966927625959,0,12.6858796008,12.6155760212,5.50622756528,1,0.925071961138,-0.254412246333,-0.281986303981,0,-0.280657898118,-0.958158204565,-0.0562494377582,0,-0.255876944919,0.131176461073,-0.957768095689,0,12.0043719279,12.2365825641,5.46173444652,1
0.938267943026,-0.251882347982,-0.237083423852,0,-0.282306151448,-0.953665513294,-0.104044824998,0,-0.199891230285,0.164552032893,-0.965901715769,0,12.6840565984,12.6814427601,5.50228382543,1,0.924376738532,-0.255967514804,-0.282857343241,0,-0.28183124538,-0.957934434454,-0.0541550405344,0,-0.257096857989,0.129777697055,-0.957631951722,0,11.9820475762,12.2029741707,5.45212395958,1
0.937382201467,-0.253892606707,-0.238438991428,0,-0.286047914143,-0.951751310273,-0.111112709478,0,-0.198723927064,0.17236005237,-0.964780189038,0,12.6934647287,12.7655152839,5.50360367375,1,0.923580084859,-0.258329499057,-0.283312013103,0,-0.283696930294,-0.957516441156,-0.0517524555752,0,-0.257906724599,0.128172285744,-0.957630401864,0,11.961738088,12.1637533101,5.44318756546,1
0.936296782006,-0.257035265492,-0.239334929122,0,-0.290986360623,-0.949318300081,-0.118834772113,0,-0.196660300864,0.180907814715,-0.963637425923,0,12.7157432292,12.8626284375,5.50892247243,1,0.922840501908,-0.26046712999,-0.28376448374,0,-0.285133247926,-0.957253445605,-0.048629947608,0,-0.258968026915,0.125788374153,-0.957660088948,0,11.936180413,12.1198949563,5.4329520814,1
0.935126955138,-0.260542603682,-0.240114825532,0,-0.296344865494,-0.946602188096,-0.126980385051,0,-0.194209419105,0.189899576511,-0.962403684725,0,12.7461856204,12.9701154614,5.51719813978,1,0.922243338468,-0.26148072875,-0.284771931803,0,-0.285343061602,-0.957367131936,-0.0450279011679,0,-0.260857359195,0.122784376776,-0.957537171588,0,11.9014028841,12.0744804278,5.42213637973,1
0.934108398791,-0.263376815026,-0.240985793389,0,-0.301211200489,-0.943800413243,-0.136060988761,0,-0.191607181517,0.199683332477,-0.960943939427,0,12.7790123748,13.0889936509,5.52930901287,1,0.921673659089,-0.261666034763,-0.286441184874,0,-0.284789404485,-0.957691317695,-0.0415010253448,0,-0.263462827043,0.119825816346,-0.957198575272,0,11.8618028771,12.0297129007,5.41301215172,1
0.933416374342,-0.265186863939,-0.241681193527,0,-0.305215946273,-0.940977497123,-0.14630302816,0,-0.188618923364,0.210326596279,-0.959263063318,0,12.8115127997,13.21713893,5.54727785425,1,0.920952145029,-0.262270070467,-0.288204019237,0,-0.284765346806,-0.957830901177,-0.0383231262815,0,-0.265999706439,0.117364282842,-0.956801850587,0,11.8269631424,11.9865056367,5.40622168337,1
0.932946297689,-0.266616254652,-0.241923496965,0,-0.308690442279,-0.93820659122,-0.156456393404,0,-0.185260401798,0.220644884251,-0.957598255314,0,12.8420970163,13.3407047157,5.57055030748,1,0.920072741361,-0.264053076277,-0.289382313755,0,-0.286022998282,-0.957559491288,-0.0356463897019,0,-0.267688242288,0.115567268523,-0.956549638747,0,11.8033968905,11.949391133,5.40147983393,1
0.93235009638,-0.268490295092,-0.242149249888,0,-0.312063839284,-0.935810643556,-0.163934741951,0,-0.182590958132,0.228410597058,-0.95628925601,0,12.8649622662,13.4349848255,5.59378025325,1,0.919212739014,-0.266483444298,-0.289887071717,0,-0.2881748366,-0.956971466015,-0.0340716419304,0,-0.268334127505,0.114857246826,-0.956454185451,0,11.7913118645,11.9299670906,5.40085280639,1
0.931397686918,-0.270779080364,-0.243263310923,0,-0.315081804937,-0.934380077185,-0.166304923434,0,-0.182268497009,0.23154386409,-0.955597003972,0,12.8695920505,13.4769859583,5.61015362037,1,0.918512528929,-0.268567648645,-0.290182963492,0,-0.290483100231,-0.956260405686,-0.0344326153279,0,-0.268242991857,0.115920035452,-0.956351526741,0,11.7888081107,11.9410916999,5.40819338028,1
0.930277774493,-0.27257459235,-0.245532795954,0,-0.316756673256,-0.934433861105,-0.162783811135,0,-0.18506342759,0.229208313168,-0.955622873807,0,12.8484669413,13.458495839,5.61748060404,1,0.917922429371,-0.270002816988,-0.290717891564,0,-0.292732657229,-0.955482683035,-0.0368840590418,0,-0.267817111194,0.118959325982,-0.95609762771,0,11.795126288,11.9866168788,5.42463450288,1
0.929435777464,-0.273075195797,-0.248151310718,0,-0.316264900254,-0.935998445689,-0.154542623687,0,-0.190067483905,0.22211899313,-0.956314542634,0,12.8049013334,13.3877237208,5.61910200369,1,0.917271972713,-0.271214491938,-0.291641607864,0,-0.295173006428,-0.954578214674,-0.0406611404897,0,-0.2673668348,0.123382054742,-0.955663039055,0,11.8085457364,12.0584699109,5.44708026196,1
0.929095092166,-0.27250008058,-0.250052026179,0,-0.313947147781,-0.938493834206,-0.143758518206,0,-0.195498077005,0.212068454138,-0.957500638458,0,12.7516240735,13.2819604397,5.61845632902,1,0.916440910798,-0.272588701369,-0.292970061444,0,-0.29796731977,-0.953520113825,-0.0448872908587,0,-0.267117078012,0.128432053699,-0.955067366324,0,11.8240762483,12.1432056393,5.47201717948,1
0.929050411174,-0.271917555836,-0.250850904573,0,-0.311212337972,-0.941055636226,-0.132518565576,0,-0.200030533146,0.201184324331,-0.958912224061,0,12.7020514415,13.1623811694,5.61586065639,1,0.915483273999,-0.273931152908,-0.294706800895,0,-0.300810606925,-0.952415490013,-0.049170246532,0,-0.267214059863,0.133665469921,-0.954321847367,0,11.8348503741,12.2286533676,5.49825412138,1
0.928968244739,-0.272096742965,-0.250960878892,0,-0.309299380004,-0.943048913096,-0.122444440613,0,-0.203351650584,0.191369041321,-0.960221847402,0,12.6629082012,13.0518782389,5.61147532251,1,0.914605387852,-0.274683493727,-0.296725399632,0,-0.303017155744,-0.95150014896,-0.0531795999817,0,-0.267726703632,0.138551235301,-0.953480973779,0,11.8355105246,12.3048209683,5.52414587158,1
0.928718851905,-0.272808446403,-0.251111221747,0,-0.308350412657,-0.944362311315,-0.114454567327,0,-0.20591580107,0.183726363212,-0.961167678572,0,12.6326468348,12.9667851052,5.60804665585,1,0.913955458547,-0.274705477956,-0.298701054858,0,-0.304191110541,-0.95095212393,-0.0561945394223,0,-0.268613454727,0.142221511642,-0.952690848894,0,11.8257077536,12.3642874872,5.54500576897,1
0.928328200236,-0.273486119613,-0.251817582835,0,-0.307821191815,-0.945275121659,-0.108171429879,0,-0.20845351164,0.177933377285,-0.961710375702,0,12.6046229069,12.9050723447,5.60834713447,1,0.913435703487,-0.274701026829,-0.300290794822,0,-0.304854671926,-0.950650716419,-0.057678803528,0,-0.269627232676,0.144230930215,-0.952102197334,0,11.8114382324,12.4063866945,5.55697525958,1
0.92780700125,-0.274129352256,-0.25303609755,0,-0.307382991604,-0.946090060769,-0.102123911929,0,-0.211399775081,0.172530273131,-0.962051682577,0,12.5730366212,12.8487877851,5.61128602261,1,0.912823985858,-0.275531043662,-0.301388478249,0,-0.306003698419,-0.950257568811,-0.0580714169897,0,-0.270396204479,0.145234971326,-0.951731419943,0,11.8003273702,12.4388319258,5.56211036678,1
0.92719837136,-0.275064547064,-0.254249238141,0,-0.307069350054,-0.946892586601,-0.0954088239979,0,-0.214503133786,0.166535054532,-0.96242115584,0,12.5380323536,12.784839314,5.61314759468,1,0.912075123006,-0.277129700192,-0.302188847023,0,-0.307889624464,-0.949627933884,-0.0584017665364,0,-0.27078210639,0.146307609024,-0.951457373927,0,11.7939063927,12.4706325517,5.56630515651,1
0.926652231318,-0.276130814224,-0.255083154343,0,-0.306847053389,-0.947596760194,-0.088911562217,0,-0.217164748566,0.160661611798,-0.962822578918,0,12.5043499624,12.7203535964,5.61207768945,1,0.911391701077,-0.27851917333,-0.302972337509,0,-0.309675000746,-0.949000996018,-0.0591481484993,0,-0.271047156638,0.14773009052,-0.951162057293,0,11.7868910606,12.5031481067,5.57289694663,1
0.92629014555,-0.276693055346,-0.255788036036,0,-0.306470294545,-0.948150101127,-0.0841863664428,0,-0.219231669285,0.156372436371,-0.963060297347,0,12.4743393383,12.6719254919,5.60920174722,1,0.910948677122,-0.279061386281,-0.303804625272,0,-0.310590958908,-0.948654064087,-0.0599059507492,0,-0.27148805479,0.148930216471,-0.950849108286,0,11.7753644132,12.5306414692,5.5802328975,1
0.926095294597,-0.276416592051,-0.256790523511,0,-0.305688977442,-0.948655427954,-0.0812842425349,0,-0.221137410666,0.153774987085,-0.963042833394,0,12.4442528148,12.6418832756,5.6061606244,1,0.910626056281,-0.279327398864,-0.304526501089,0,-0.311056649136,-0.948485828388,-0.0601530911587,0,-0.272036664165,0.149501965177,-0.950602554046,0,11.7629406737,12.5493127751,5.58487081563,1
0.926029601383,-0.275641924347,-0.257857919995,0,-0.304397404146,-0.949315219602,-0.0783762347934,0,-0.223184671765,0.151069994949,-0.962998680641,0,12.4093579678,12.6115522974,5.60266206745,1,0.910150922678,-0.280285118629,-0.305066468532,0,-0.312081272776,-0.948162797687,-0.0599382037165,0,-0.272452889745,0.149758343197,-0.950442981726,0,11.7555895372,12.5627867849,5.58557582112,1
0.926130953898,-0.274967308647,-0.258213933412,0,-0.302678479862,-0.950237338656,-0.0737206758797,0,-0.225093745051,0.146430800719,-0.963270899872,0,12.3714468737,12.5608874622,5.5968648677,1,0.909490971907,-0.281821706824,-0.305618549147,0,-0.313696867929,-0.947646243888,-0.0596730382698,0,-0.272801112665,0.150143671221,-0.950282290123,0,11.7520297425,12.5774754233,5.58378243691,1
0.926378169786,-0.274698369909,-0.257612678481,0,-0.300873354432,-0.951266118799,-0.067586950049,0,-0.226492187807,0.140119865807,-0.963881586124,0,12.3378785123,12.4914112746,5.58822048581,1,0.908925276636,-0.282785048783,-0.306410603075,0,-0.31478609216,-0.947294891967,-0.0595155764132,0,-0.273431083958,0.150549008094,-0.950037072165,0,11.7440672225,12.5943973172,5.58137821178,1
0.926571560717,-0.274757708565,-0.25685276805,0,-0.299482965891,-0.952091911452,-0.0618946305334,0,-0.227541416037,0.134272833186,-0.964466541802,0,12.3126352606,12.4247749979,5.57851394014,1,0.908664758682,-0.282587444585,-0.307364104106,0,-0.314659849915,-0.947353740434,-0.0592458381417,0,-0.274440403697,0.150549748085,-0.949745880839,0,11.7273700738,12.6079417227,5.57903315194,1
0.92650145865,-0.274928400735,-0.256922987662,0,-0.298791457682,-0.952542866333,-0.0581872203753,0,-0.228732839653,0.130676938548,-0.964678612697,0,12.2916809436,12.3804177506,5.57027809419,1,0.908599145871,-0.281996281088,-0.308100129139,0,-0.314003728719,-0.947606058328,-0.0586891520611,0,-0.275407426323,0.150069502803,-0.949541938966,0,11.7073649129,12.612659514,5.57643542702,1
0.926182290233,-0.275108171593,-0.257879543936,0,-0.298669812803,-0.952691957501,-0.0563416101323,0,-0.230179730164,0.129203436621,-0.964532925196,0,12.2692890458,12.3595572509,5.56477216601,1,0.908497642189,-0.282020193044,-0.308377438947,0,-0.313862262218,-0.94769787227,-0.0579588064991,0,-0.275903088949,0.149443479654,-0.949496778245,0,11.6913022633,12.6091011199,5.57318103339,1
0.925796330802,-0.275462201474,-0.258885552768,0,-0.298869444803,-0.952703336976,-0.055076371318,0,-0.231469671525,0.128362483904,-0.964336488934,0,12.2463563501,12.3493781653,5.56059486519,1,0.908246124462,-0.28268844938,-0.308506431032,0,-0.314363149839,-0.947577285725,-0.0572109919602,0,-0.276160799941,0.148944715129,-0.949500228758,0,11.6787360516,12.6022633211,5.56905098417,1
0.925451704268,-0.276254676798,-0.259273015592,0,-0.299286765566,-0.952678931086,-0.0532004344054,0,-0.232307070542,0.126831414923,-0.964337709086,0,12.2284822425,12.3362856817,5.55500967682,1,0.907843086434,-0.28336396458,-0.309072473688,0,-0.314939470377,-0.947431436002,-0.0564517853863,0,-0.276828575861,0.148588484251,-0.949361575974,0,11.6647450527,12.5965440949,5.56427508927,1
0.925126200388,-0.277355329253,-0.25925958939,0,-0.2997166019,-0.952701757676,-0.0502923400406,0,-0.233048217976,0.124231164592,-0.964497353984,0,12.2158386361,12.3127379342,5.54767833044,1,0.907354997754,-0.28381385859,-0.310091279662,0,-0.315358981902,-0.94733572767,-0.0557111444223,0,-0.277948953198,0.148339855573,-0.949073056548,0,11.6502855901,12.593986559,5.55950397881,1
0.924813224265,-0.278114283091,-0.259562989976,0,-0.29963150344,-0.952918662605,-0.0465508819019,0,-0.234395952122,0.120824120108,-0.964603581597,0,12.1992562321,12.2761858641,5.5418976767,1,0.906896635607,-0.284532865875,-0.310772490034,0,-0.31605521352,-0.947136745391,-0.055146056411,0,-0.278653179296,0.14823303872,-0.948883223532,0,11.6438085813,12.5956000847,5.55472224609,1
0.924558670381,-0.278014980229,-0.26057424238,0,-0.298633076105,-0.953427679338,-0.0423550012252,0,-0.236663370379,0.116975771172,-0.964524296262,0,12.1693787618,12.2282828389,5.54101082631,1,0.906514522809,-0.286101454482,-0.310447060993,0,-0.317542756561,-0.946658356231,-0.0548138151659,0,-0.278204992212,0.148269735012,-0.949008992575,0,11.6511986543,12.601339625,5.54872920159,1
0.924334982754,-0.277296602564,-0.262128658991,0,-0.297038224348,-0.954104283621,-0.0381222933757,0,-0.239526893968,0.113100000807,-0.964279656989,0,12.1276662092,12.1768768722,5.544455431,1,0.906129602844,-0.288365589554,-0.309474440967,0,-0.319669811208,-0.945957679154,-0.0545461369165,0,-0.277020495005,0.148355505499,-0.94934202969,0,11.6669989268,12.6088876232,5.54077681787,1
0.924004518749,-0.276689231323,-0.263929381844,0,-0.29570321283,-0.954659184663,-0.0344303799021,0,-0.242436093131,0.109858592783,-0.963927295152,0,12.0854343478,12.1342119515,5.54851159817,1,0.905734145743,-0.290256859402,-0.308863420958,0,-0.321447979354,-0.945373942994,-0.0542153527748,0,-0.27625505209,0.148388218795,-0.949559941614,0,11.6778482037,12.6149728699,5.53244716736,1
0.923455450678,-0.276729572151,-0.265802134134,0,-0.295310344199,-0.954870438964,-0.0318472196835,0,-0.244993533021,0.107903608326,-0.963501416755,0,12.0534048613,12.1082868296,5.55033063515,1,0.905540955777,-0.290599686583,-0.309107423995,0,-0.321770586269,-0.945278938752,-0.0539575552108,0,-0.276512689081,0.148322453156,-0.949495225194,0,11.6744836908,12.6184755243,5.52671089032,1
0.922738926163,-0.277508722992,-0.26747295715,0,-0.295949659833,-0.954718425911,-0.0304388907508,0,-0.246914302923,0.107245680048,-0.963084467284,0,12.0344848492,12.0963677374,5.55004242015,1,0.905757117269,-0.28928827107,-0.309703633719,0,-0.320487520034,-0.945716893828,-0.0539194420465,0,-0.277293696321,0.148094067909,-0.949303088076,0,11.6595211903,12.6206562717,5.52462967447,1
0.922069565411,-0.278739671579,-0.268499370632,0,-0.297152209358,-0.954368063157,-0.0297012541765,0,-0.247968306474,0.107171803725,-0.962821854483,0,12.0248512485,12.089669055,5.54935214654,1,0.906272965464,-0.287532804028,-0.309829305711,0,-0.31866993223,-0.946331879181,-0.0539022145941,0,-0.277702694193,0.147583403719,-0.949263057632,0,11.6436880245,12.6222763199,5.52397014285,1
0.92169759786,-0.279811878567,-0.268661219217,0,-0.298141894584,-0.954075966111,-0.029162674498,0,-0.248163149546,0.106978331931,-0.962793169744,0,12.0188828236,12.0834466353,5.54965622463,1,0.906703371876,-0.286761891778,-0.30928403265,0,-0.317680480514,-0.946683175744,-0.0535731001947,0,-0.277431266676,0.146828410696,-0.949459483118,0,11.6357769351,12.6226480778,5.52210901838,1
0.921742173426,-0.280088044994,-0.268220157294,0,-0.298302548172,-0.954034553797,-0.0288731694842,0,-0.24780426849,0.106624374386,-0.962924860675,0,12.0132344206,12.0798838835,5.55175795615,1,0.906708431852,-0.287383292218,-0.308691857621,0,-0.31808453661,-0.946576294837,-0.0530617152223,0,-0.276951344422,0.146301611087,-0.949680889255,0,11.6363704349,12.6223641523,5.51990379761,1
0.922116980462,-0.279354690979,-0.267696154195,0,-0.297569137151,-0.954253429445,-0.0292061809922,0,-0.247291089524,0.10658962905,-0.963060625309,0,12.0079488184,12.0824868831,5.55598089836,1,0.906242384742,-0.288681722382,-0.308848835613,0,-0.319441785787,-0.946123656426,-0.0529808667789,0,-0.276914581758,0.146672730642,-0.949634363582,0,11.6394114403,12.624445336,5.52120165457,1
0.922619814885,-0.277837772156,-0.267542238805,0,-0.296259664726,-0.954627041088,-0.0302889993296,0,-0.246987627702,0.107207204923,-0.96306994916,0,12.0042957169,12.0910681843,5.56154004783,1,0.905575526852,-0.289657840442,-0.309889174767,0,-0.320815484948,-0.945622839124,-0.0536178211546,0,-0.277507458972,0.147972232523,-0.949259621293,0,11.6380636684,12.6306994928,5.52747078495,1
0.923077796004,-0.275943738923,-0.26792244302,0,-0.294682012433,-0.955072525696,-0.0316066798305,0,-0.247163698938,0.108127349042,-0.962921898347,0,12.0023167063,12.1018311401,5.56605240065,1,0.905123510582,-0.289779882952,-0.311093314021,0,-0.321373037035,-0.94538800255,-0.0544141130696,0,-0.278335771433,0.149228496175,-0.948820348786,0,11.6296703266,12.6386283107,5.53441127072,1
0.923413362328,-0.274249414616,-0.268505159833,0,-0.293151918019,-0.955523114708,-0.0322107159356,0,-0.247729116649,0.108456608108,-0.962739554045,0,12.001317495,12.110084543,5.56681179112,1,0.905144995032,-0.289170827003,-0.311597128965,0,-0.320882952216,-0.945542033895,-0.0546295992491,0,-0.278830896684,0.149433914985,-0.948642628236,0,11.6175344661,12.6441836009,5.53645576727,1
0.923642888471,-0.273382661125,-0.268599581484,0,-0.292108631102,-0.955862960172,-0.0315998260613,0,-0.248105546519,0.10764721068,-0.962733460424,0,12.0014885735,12.1136067247,5.5634720327,1,0.905503328786,-0.288381217797,-0.31128763994,0,-0.319908708393,-0.945891415027,-0.054294099794,0,-0.278786907606,0.148747114929,-0.948763487887,0,11.6084921009,12.646781009,5.53373002806,1
0.923823060421,-0.273499798556,-0.267859689436,0,-0.291824801586,-0.955989923987,-0.0303570488435,0,-0.247768517399,0.10621264249,-0.962979561757,0,12.0031407462,12.1147552635,5.55875670516,1,0.905789467751,-0.287939001693,-0.31086423309,0,-0.319302444488,-0.946110888823,-0.0540382734257,0,-0.278552309369,0.148207008454,-0.948916905525,0,11.6067870788,12.6495564796,5.53116006586,1
0.923945607432,-0.274123978305,-0.266796849728,0,-0.292135967917,-0.955920977748,-0.02952389795,0,-0.246943497091,0.105219431758,-0.963300462174,0,12.0049830943,12.1181317585,5.55545618156,1,0.905737465987,-0.287948403914,-0.311007008589,0,-0.319361767431,-0.946085765264,-0.0541275001143,0,-0.278653376457,0.14834905274,-0.948865034839,0,11.6100788935,12.65478692,5.53121750439,1
0.923920974633,-0.274686002025,-0.266303647974,0,-0.29264142913,-0.955768800919,-0.0294447473565,0,-0.246436658372,0.105136099801,-0.963439346264,0,12.0047260582,12.1260524134,5.55348339512,1,0.905446991447,-0.288154467414,-0.311661272198,0,-0.319707032494,-0.945964667725,-0.0542057265458,0,-0.279200929534,0.148720712498,-0.948645872084,0,11.6130933177,12.6609076203,5.53150948086,1
0.92372396945,-0.274934149188,-0.266730654168,0,-0.293033181267,-0.955638266389,-0.0297835271453,0,-0.246709511246,0.105672690051,-0.963310801163,0,12.0013458805,12.1387788368,5.55100800644,1,0.905201240888,-0.288348182013,-0.312195514742,0,-0.319937174028,-0.945898464365,-0.054002775734,0,-0.27973365577,0.148766330337,-0.948481766186,0,11.6143992915,12.6646388761,5.52985852365,1
0.923488245584,-0.274818326149,-0.267664618285,0,-0.29324507474,-0.95554550204,-0.030661371014,0,-0.247339415398,0.106806746719,-0.963024159845,0,11.9962896222,12.1596350946,5.547887515,1,0.905211138531,-0.288454263428,-0.312068794642,0,-0.319954021018,-0.945906915212,-0.0537543690141,0,-0.279682353953,0.148506719256,-0.948537577127,0,11.6168705527,12.6646285112,5.52788827424,1
0.923359776858,-0.274394393466,-0.268541317705,0,-0.293539528185,-0.955373088301,-0.0331180848508,0,-0.247469731227,0.109407399135,-0.962698682424,0,11.9927484784,12.196820507,5.54640672678,1,0.90553893552,-0.288322190568,-0.311238735834,0,-0.319672294233,-0.946003732785,-0.0537267331706,0,-0.278942396487,0.148146049503,-0.948811829321,0,11.6219211952,12.6616310059,5.52805383351,1
0.923303695265,-0.273915742345,-0.269221938937,0,-0.294406401438,-0.954920337265,-0.0381053837446,0,-0.246647840253,0.114443503852,-0.962324024082,0,11.9941748223,12.2576666443,5.54832561489,1,0.906080454959,-0.287836665342,-0.310110082432,0,-0.318978495829,-0.946238473078,-0.0537165827775,0,-0.277976488826,0.147589993397,-0.949181892742,0,11.626813806,12.6556740931,5.52998821419,1
0.923163992888,-0.273703027163,-0.26991645959,0,-0.29611622216,-0.954076566423,-0.0453110182737,0,-0.245119206122,0.121756142864,-0.961817038976,0,12.0032005034,12.3413099434,5.55213676684,1,0.906588254605,-0.287167562505,-0.309245093182,0,-0.318025348145,-0.946581371468,-0.0533252766234,0,-0.277412354716,0.146691847882,-0.949486117443,0,11.6280014279,12.6450683894,5.53176422124,1
0.922898075132,-0.273811781477,-0.270714335126,0,-0.29837818252,-0.952955617571,-0.0533483939338,0,-0.243371327633,0.13001038137,-0.961180366852,0,12.0208160182,12.4382232849,5.55391952289,1,0.906881380469,-0.286522237649,-0.30898409197,0,-0.31707403416,-0.946945506445,-0.0525191839776,0,-0.277543183341,0.145599502599,-0.949616009882,0,11.6240624078,12.6292070343,5.53300221085,1
0.922679754205,-0.273935824206,-0.271332333856,0,-0.300540360331,-0.951812723429,-0.0610576066659,0,-0.241531701836,0.137882934897,-0.960547101017,0,12.0455618603,12.5370623377,5.55139932211,1,0.907073596236,-0.285722429493,-0.30916045073,0,-0.316009240746,-0.947349795285,-0.0516384075677,0,-0.278128838444,0.14453739536,-0.949606913711,0,11.6150783077,12.6112451547,5.53491729087,1
0.922759777388,-0.273678393851,-0.271319977101,0,-0.302068056457,-0.950841694027,-0.0682272831596,0,-0.239310013378,0.144914490781,-0.960067970437,0,12.0736106061,12.6303830495,5.54654444484,1,0.907481083843,-0.284335729455,-0.309243068511,0,-0.314388707969,-0.947923031261,-0.0510065398427,0,-0.278635645186,0.143509998817,-0.949614162421,0,11.6018183448,12.5968147797,5.53850117692,1
0.923220950931,-0.272947292389,-0.270486323757,0,-0.30284232912,-0.950091100606,-0.0749227885427,0,-0.236536676766,0.151084996366,-0.959804003126,0,12.100401419,12.7133159472,5.54248079324,1,0.908269563777,-0.282170944885,-0.30891092143,0,-0.312005078714,-0.948723086302,-0.0507674735855,0,-0.27874581678,0.142492327444,-0.94973507161,0,11.5860182259,12.5901371442,5.54389786986,1
0.923870639315,-0.272096046543,-0.269122245953,0,-0.303128118916,-0.949536811062,-0.0805803199372,0,-0.233615892724,0.156024311871,-0.959729143442,0,12.1228432338,12.7801428295,5.53827719222,1,0.909245948019,-0.279519394496,-0.308448884116,0,-0.309206685693,-0.949630923832,-0.0509149685792,0,-0.27868087759,0.141668686037,-0.949877335166,0,11.569869164,12.5910812948,5.5501262658,1
0.924425257564,-0.271594828732,-0.267720361916,0,-0.303267054498,-0.949173295499,-0.0842564464492,0,-0.231229403049,0.159079552798,-0.95980553189,0,12.1402387605,12.8259337337,5.52916349043,1,0.910016357018,-0.277040203996,-0.308413610804,0,-0.306700812502,-0.950426926149,-0.0512178646795,0,-0.27893519242,0.14119979965,-0.949872504607,0,11.5551867334,12.5949855567,5.55430479129,1
0.924810049134,-0.271547439435,-0.266436411093,0,-0.303351502865,-0.949014904989,-0.0857238345937,0,-0.229574037577,0.160102149406,-0.960032844764,0,12.1534391312,12.851407188,5.51246015553,1,0.910335284625,-0.275442467796,-0.308903085938,0,-0.305115386425,-0.950935708516,-0.0512433335773,0,-0.27963238463,0.140899699091,-0.949712063871,0,11.5438744699,12.5953931216,5.55274462796,1
0.925209989075,-0.27157511827,-0.265015907545,0,-0.303199017074,-0.949040115204,-0.085983811147,0,-0.228159663746,0.159905643649,-0.960402703541,0,12.1634466064,12.8640730589,5.49123340619,1,0.910308599325,-0.275044072518,-0.309336406146,0,-0.304597832375,-0.951132215482,-0.0506721736776,0,-0.280282740295,0.140350514232,-0.949601663145,0,11.5380315386,12.5882706109,5.54429581197,1
0.925804374584,-0.271157714437,-0.263362400321,0,-0.302608463759,-0.949182654506,-0.0864893406491,0,-0.2265267703,0.159767901301,-0.960812073223,0,12.170526169,12.8737460505,5.470799714,1,0.910282173516,-0.275433370543,-0.309067667298,0,-0.304636454158,-0.951178189399,-0.0495649352897,0,-0.280326586995,0.139271355286,-0.949747595006,0,11.5376754863,12.5746527527,5.53188120207,1
0.926511645437,-0.270140690712,-0.261916357052,0,-0.301632814765,-0.949370575272,-0.0878245743758,0,-0.224930691384,0.160373058925,-0.961086190747,0,12.174089646,12.8863170185,5.4529075973,1,0.910546740914,-0.275628210185,-0.308113164862,0,-0.304310160348,-0.951349679609,-0.0482608891035,0,-0.279821298189,0.137705761891,-0.950124815075,0,11.5388703915,12.5593059364,5.5198592877,1
0.927047441398,-0.268942161331,-0.261253048319,0,-0.300637384673,-0.949548050236,-0.0893065687908,0,-0.224054021018,0.161333859282,-0.961130158467,0,12.1733776271,12.9009109385,5.43508641706,1,0.911122251251,-0.274827958545,-0.307125115347,0,-0.302973777264,-0.951835975601,-0.0470655483545,0,-0.279397805226,0.135933324662,-0.95050460161,0,11.536381574,12.5461965619,5.51023493696,1
0.927241416243,-0.268077903939,-0.261452851243,0,-0.299977716275,-0.94967923155,-0.0901261721173,0,-0.224135507544,0.161998748704,-0.960999313047,0,12.1687584168,12.9137015149,5.4158058714,1,0.911787555906,-0.273099700457,-0.306692038542,0,-0.30080325034,-0.952574127152,-0.0460427721401,0,-0.279572633638,0.134235188723,-0.950694512779,0,11.5284767718,12.5348573557,5.50188065489,1
0.927290634083,-0.267414923039,-0.261956750013,0,-0.299528405253,-0.949762902896,-0.0907367771554,0,-0.224532435046,0.1626028512,-0.960804609894,0,12.1630152559,12.9253300364,5.3985993613,1,0.912312268664,-0.271176703356,-0.306837937683,0,-0.298529305074,-0.953335642773,-0.0450711241283,0,-0.280297303691,0.132719055812,-0.950693995862,0,11.5173616534,12.5216551441,5.49328770375,1
0.927645639045,-0.266241243036,-0.261895339531,0,-0.298755573332,-0.94982449384,-0.0926203989692,0,-0.224095238157,0.164161601505,-0.960641604776,0,12.1615657924,12.9433451153,5.38931365524,1,0.912643986766,-0.26963672575,-0.307208381309,0,-0.296676302941,-0.9539609557,-0.0440643424157,0,-0.281183436021,0.131356503936,-0.950621556762,0,11.5052274624,12.5045085823,5.48525718805,1
0.928531636453,-0.26434666127,-0.26067190639,0,-0.297524307615,-0.949814785973,-0.0965979229834,0,-0.222054692551,0.167250455969,-0.960582634912,0,12.1706087384,12.9765276182,5.38972009302,1,0.912887270857,-0.268517017831,-0.307466163735,0,-0.295238026697,-0.954454018279,-0.0430352713896,0,-0.281906612726,0.130062054907,-0.950585358384,0,11.4923378671,12.4846330363,5.47984334828,1
0.929582183006,-0.26272975196,-0.258553751612,0,-0.296704595624,-0.949517927755,-0.101892530677,0,-0.218731223132,0.171431567418,-0.9606080729,0,12.1938592432,13.0276793032,5.39544510708,1,0.913202321963,-0.267610482467,-0.307320921572,0,-0.293928336272,-0.954909280408,-0.0418855503449,0,-0.282254587737,0.128580309011,-0.950683676012,0,11.478935544,12.463069918,5.47680964842,1
0.930143329589,-0.262707148605,-0.256550853621,0,-0.297510285561,-0.948681251092,-0.107198478591,0,-0.215223178136,0.176036467525,-0.960567616409,0,12.2305730482,13.0927255827,5.40061652684,1,0.913727236507,-0.266775415124,-0.306485587184,0,-0.292475521982,-0.955422313078,-0.0403270717232,0,-0.282064897332,0.126487475893,-0.951020668616,0,11.4663804233,12.4380946522,5.47299740977,1
0.93003858306,-0.264270695816,-0.255321823103,0,-0.300013011647,-0.947298253791,-0.112330811479,0,-0.212180175469,0.18107185783,-0.960308573033,0,12.2764730836,13.1665041693,5.40419780527,1,0.914446080839,-0.265945332912,-0.30505974028,0,-0.290808137297,-0.956014918132,-0.0382897321852,0,-0.281458687056,0.123727750368,-0.951563161997,0,11.4558427231,12.4084363675,5.4666142939,1
0.929833998763,-0.265831525467,-0.254445150891,0,-0.302738175176,-0.945704622183,-0.118289326957,0,-0.209184923058,0.187019698559,-0.959825661418,0,12.3259568155,13.2465639512,5.41095929205,1,0.915096724596,-0.265107597762,-0.303835393335,0,-0.289188788783,-0.956582432924,-0.0363303380487,0,-0.281012151119,0.12111156274,-0.952031596269,0,11.4477014197,12.3778900217,5.46077246741,1
0.930140394205,-0.265944785811,-0.253203905911,0,-0.304179347164,-0.944300992232,-0.125580893568,0,-0.205703115746,0.193827260648,-0.959227408492,0,12.3736452001,13.3290304553,5.42529850759,1,0.91535732636,-0.264362695875,-0.303699407488,0,-0.288077451266,-0.956957559029,-0.0352648874776,0,-0.281304722945,0.119768924376,-0.952115044311,0,11.4427447467,12.3543767245,5.46038802953,1
0.930832172142,-0.264936926396,-0.251713909702,0,-0.304390482526,-0.943239139522,-0.132839601858,0,-0.202232295773,0.200270693577,-0.958641615955,0,12.4156148401,13.4024258217,5.44485131796,1,0.915192138221,-0.263880938161,-0.30461483978,0,-0.28772183853,-0.957061101895,-0.0353580383,0,-0.282204701895,0.12000374042,-0.951819104932,0,11.4429595953,12.3444792693,5.46614915133,1
0.931304386088,-0.264301671587,-0.250632732997,0,-0.304494863635,-0.942536504056,-0.137505696399,0,-0.19988751455,0.204376038025,-0.958266881724,0,12.4500020164,13.4490689255,5.46206418603,1,0.914928247777,-0.263763329825,-0.305508113245,0,-0.287983240384,-0.956948945406,-0.0362542293344,0,-0.282793130534,0.121151234936,-0.95149904025,0,11.4511209412,12.350108722,5.47408728883,1
0.931372638282,-0.264671679739,-0.24998782091,0,-0.30480328938,-0.942385399497,-0.137857584479,0,-0.199097874029,0.204593892281,-0.958384774398,0,12.475478768,13.4558790828,5.47210052695,1,0.914921447256,-0.264019332417,-0.305307283669,0,-0.288660493827,-0.956688030166,-0.0377244249896,0,-0.282123846307,0.122645036781,-0.951506348007,0,11.4699240533,12.3698290213,5.4810781551,1
0.931497408307,-0.265067035514,-0.249102478914,0,-0.304264555493,-0.94307993578,-0.134250940403,0,-0.199338051029,0.200847458068,-0.959127019742,0,12.4895829711,13.4236854297,5.47707225422,1,0.915198995774,-0.264599297306,-0.303970409743,0,-0.289756273578,-0.956264387312,-0.039996543369,0,-0.280093020364,0.124682129531,-0.951841513341,0,11.4996394932,12.4016436407,5.48820166601,1
0.932085147439,-0.264328116282,-0.247685132509,0,-0.302013491333,-0.944610147596,-0.128450457808,0,-0.200012822029,0.194531015525,-0.960287745951,0,12.4907843983,13.3644867605,5.48148230231,1,0.915536722715,-0.265245726211,-0.302385869522,0,-0.291154938152,-0.95569931873,-0.0432159017965,0,-0.27752713624,0.127606884239,-0.952205425182,0,11.5349501142,12.4440640279,5.49792615752,1
0.932924742668,-0.262697179046,-0.246255186013,0,-0.298723592921,-0.946510627806,-0.121991173789,0,-0.201036413491,0.187370818356,-0.961497029054,0,12.4817410659,13.2913924674,5.48583985616,1,0.915851661323,-0.265394729661,-0.301299472152,0,-0.292251595186,-0.955186404265,-0.0469887030927,0,-0.275326605258,0.131089933156,-0.952371088317,0,11.5666292907,12.4950678291,5.51015028699,1
0.933516569388,-0.261413200413,-0.245377165456,0,-0.295871212536,-0.948229317412,-0.115418313941,0,-0.202501951275,0.180344947947,-0.962532419963,0,12.4680867815,13.2128133381,5.48712724664,1,0.916315851137,-0.264629301784,-0.300560465783,0,-0.292402213913,-0.954953002197,-0.0506528271059,0,-0.273616896871,0.134298533992,-0.952416766712,0,11.5894192753,12.5502500417,5.52223228527,1
0.93374291692,-0.261008977032,-0.244945869554,0,-0.293999317858,-0.949583797082,-0.108880730241,0,-0.204177780872,0.173680529212,-0.963403605749,0,12.4544678787,13.1339828072,5.48375811938,1,0.916984093675,-0.263389377883,-0.299610092564,0,-0.291849279484,-0.95495429325,-0.0537242577311,0,-0.271963545373,0.136705279425,-0.952547897255,0,11.6071761754,12.6023445102,5.53138400564,1
0.933971719714,-0.260754487442,-0.244343864367,0,-0.292344155641,-0.950769516315,-0.102821308631,0,-0.205503580109,0.16746469516,-0.964221890665,0,12.4434776078,13.0597522047,5.47754272727,1,0.917521937374,-0.262831523948,-0.298451142497,0,-0.29173605005,-0.954859358921,-0.055979297794,0,-0.270265742445,0.13843119121,-0.952781839542,0,11.6278040804,12.6439810042,5.53605081412,1
0.934549327391,-0.25983837011,-0.243108157189,0,-0.290139930114,-0.951966702244,-0.0978683747269,0,-0.206000911714,0.161998207511,-0.965049327825,0,12.4372158304,12.9952132737,5.47176630962,1,0.917575266985,-0.263568648397,-0.297636014285,0,-0.292786065484,-0.954452490669,-0.0574174443324,0,-0.26894599695,0.139828504382,-0.9529512265,0,11.6534791207,12.6722366691,5.53629707316,1
0.935403775346,-0.25836135584,-0.241390113461,0,-0.287617723557,-0.953076167073,-0.0944556237241,0,-0.205659481095,0.157782221957,-0.965820349894,0,12.4370295361,12.9459069117,5.46903837206,1,0.917334361989,-0.264783082479,-0.297300500414,0,-0.294241237447,-0.953952494768,-0.0582814885817,0,-0.268178601868,0.140941679279,-0.953003505,0,11.6780595904,12.6898966004,5.53390110371,1
0.936210770734,-0.256915171147,-0.239799890734,0,-0.285507501207,-0.953883221211,-0.092694482288,0,-0.204926473438,0.155246240299,-0.966386954257,0,12.4420661639,12.9166641921,5.47010641928,1,0.917414824175,-0.265107517954,-0.296762605979,0,-0.294663031532,-0.95378572355,-0.0588769173807,0,-0.267439223435,0.14145952593,-0.953134546794,0,11.6946059255,12.7011202414,5.53113733895,1
0.936758806709,-0.255844595135,-0.238802180043,0,-0.284165471772,-0.954324410991,-0.0922762333373,0,-0.204286374254,0.154299908381,-0.96667399653,0,12.4508399841,12.9077437288,5.47322429792,1,0.91809090348,-0.264307179075,-0.295382477538,0,-0.293715757569,-0.954056358978,-0.0592242994868,0,-0.266158123496,0.141131778787,-0.953541647918,0,11.7035771188,12.7070398367,5.52846378988,1
0.937045847236,-0.255270245544,-0.23829012132,0,-0.283548346529,-0.954484472187,-0.0925187955763,0,-0.203826925011,0.15426112308,-0.966777166955,0,12.4641030178,12.9127176451,5.47518037766,1,0.918907008805,-0.263583053549,-0.293485745907,0,-0.292623807807,-0.954402783049,-0.0590477333466,0,-0.264539630818,0.140140292531,-0.95413808337,0,11.7119542111,12.7066633302,5.52413286619,1
0.937184543767,-0.255290024771,-0.237722809541,0,-0.28354952419,-0.95445031343,-0.0928669291265,0,-0.203186609439,0.154439640139,-0.966883446594,0,12.4840238127,12.9225339328,5.47395284091,1,0.919225103675,-0.26410614222,-0.292015674947,0,-0.29271418093,-0.954426071413,-0.0582175445217,0,-0.263331762337,0.138992157509,-0.954640017543,0,11.7250874372,12.7005658254,5.51675876683,1
0.937332159605,-0.255800658671,-0.236589191626,0,-0.283972367207,-0.954283918424,-0.0932839627177,0,-0.201911161735,0.154622851033,-0.967121324708,0,12.5107904723,12.9317862888,5.47012580776,1,0.918987575084,-0.265627748332,-0.291382456846,0,-0.293880424129,-0.954137377211,-0.0570627875394,0,-0.262861433373,0.13807159275,-0.954903189921,0,11.7415077645,12.6921954411,5.50777155171,1
0.937608543348,-0.25649289149,-0.234737334176,0,-0.284509055081,-0.954060916875,-0.0939274425784,0,-0.199861994931,0.154852069755,-0.967510216729,0,12.5420056567,12.9399657199,5.46552138338,1,0.918734455077,-0.266830620871,-0.29108146767,0,-0.294829617806,-0.953899412505,-0.0561373965136,0,-0.262683264635,0.137394798259,-0.955049826916,0,11.7560249763,12.6856200312,5.5007132158,1
0.938001807658,-0.257241602236,-0.23233460119,0,-0.285026555208,-0.953835542317,-0.0946447095151,0,-0.197262443606,0.154998439643,-0.968020150643,0,12.5754814075,12.9476506073,5.46126922386,1,0.918913534897,-0.266887333791,-0.290463537204,0,-0.294685410059,-0.953967659214,-0.0557334214989,0,-0.262218276407,0.136809561929,-0.955261597304,0,11.7664147391,12.6830570293,5.49789733058,1
0.938393586504,-0.258217001642,-0.229655082398,0,-0.285668192938,-0.953601350687,-0.0950691722422,0,-0.194450920162,0.154817453894,-0.968617775811,0,12.6105900958,12.9537768569,5.45736764972,1,0.919406446142,-0.266285760061,-0.289454108248,0,-0.293914071904,-0.954204977093,-0.0557438788444,0,-0.261354749583,0.136325917127,-0.955567338909,0,11.7758924345,12.6849240707,5.49843197009,1
0.938679278161,-0.259493776514,-0.227033461636,0,-0.286549055657,-0.95333268953,-0.0951126793626,0,-0.191757272233,0.154336525242,-0.969231337464,0,12.6463510131,12.9572647304,5.45315059234,1,0.919801411116,-0.266111458669,-0.28835751364,0,-0.293640539998,-0.954274263923,-0.0559987721638,0,-0.260270239132,0.136181205675,-0.955883926972,0,11.7897444269,12.6910940151,5.50002828989,1
0.938848718512,-0.260804437769,-0.224820214813,0,-0.28752349718,-0.953038776836,-0.0951174453883,0,-0.189455330667,0.153941986111,-0.969746638352,0,12.6806169759,12.9593979155,5.44794232328,1,0.919903576754,-0.266895197695,-0.287305347885,0,-0.294445319957,-0.953994209365,-0.0565420379321,0,-0.25899683981,0.136608938014,-0.956168727277,0,11.8112539931,12.7012710396,5.50191904295,1
0.938987482278,-0.261830408674,-0.223041128986,0,-0.288347162684,-0.952754377264,-0.0954725634767,0,-0.187505791639,0.153960818711,-0.970122489381,0,12.7128329735,12.9627259184,5.44197608132,1,0.919870005052,-0.268236404694,-0.286161501609,0,-0.295926532326,-0.953478044136,-0.0575074500934,0,-0.257423117205,0.137582159264,-0.956454122361,0,11.8402341883,12.7146897412,5.50531607329,1
0.939207951715,-0.262562152402,-0.22124542834,0,-0.288954059123,-0.952489831826,-0.0962739423947,0,-0.185456127296,0.154351016821,-0.970454423687,0,12.745842984,12.9690749264,5.4369072968,1,0.920006760868,-0.269254155027,-0.284762637924,0,-0.29713791574,-0.953017843318,-0.0588731632245,0,-0.255532031234,0.138777484913,-0.956788477509,0,11.8735671539,12.7303600564,5.51133193965,1
0.939560405686,-0.263168888978,-0.219016848533,0,-0.289454280367,-0.952206395915,-0.0975663833236,0,-0.182872807285,0.155064874977,-0.970830789017,0,12.7832245654,12.9812964215,5.43520727498,1,0.920506792689,-0.269413191933,-0.282990771273,0,-0.297451643828,-0.952821991282,-0.0604381709971,0,-0.253356989635,0.139809817044,-0.957216512008,0,11.907964292,12.7475505548,5.51910845068,1
0.940026974802,-0.26363727219,-0.216436307852,0,-0.289922484024,-0.951834554939,-0.0997794231401,0,-0.179705981819,0.156545101287,-0.971184530026,0,12.826312863,13.005727879,5.43899997264,1,0.921281546311,-0.26913981102,-0.280720634352,0,-0.29723773039,-0.952787985958,-0.0620063339233,0,-0.250778874827,0.140566055426,-0.957784495595,0,11.9436578039,12.7654815048,5.52662898657,1
